3.0; 0.0; 1.1284960695744115; 1.1608673917917731; 0.1601920606593667; 0.16156762218461793
4.0; 0.0; 1.1557620763315097; 1.14781511142054; 0.28472828484601403; 0.28723132832820963
5.0; 0.0; 1.1819918403821852; 1.1517094446666722; 0.44515880230459215; 0.4487989505128276
6.0; 0.0; 1.128184443297792; 1.1216388233160968; 0.6406481754173244; 0.6462704887384717
7.0; 0.0; 1.1665744149621486; 1.144905153301262; 0.872366660514271; 0.8796459430051421
3.0; 25.0; 0.5835231259441583; 0.7009255794887005; 0.13231200074116026; 0.16156762218461793
4.0; 25.0; 0.6761044773025383; 0.84413283602863; 0.2511944786367403; 0.28723132832820963
5.0; 25.0; 0.7252092981657012; 0.9598225721407242; 0.40720031272826956; 0.4487989505128276
6.0; 25.0; 0.7540692500339194; 1.0457360324489904; 0.5992403065292863; 0.6462704887384717
7.0; 25.0; 0.8206631275433763; 1.1796970873259809; 0.8272559209921281; 0.8796459430051421
3.0; 50.0; 0.404148347836563; 0.9544296729127556; 0.1318898575183132; 0.16156762218461793
4.0; 50.0; 0.49307004605918964; 1.1272224223209681; 0.25248140486350135; 0.28723132832820963
5.0; 50.0; 0.565726704357722; 1.312334208529557; 0.4094930663369495; 0.4487989505128276
6.0; 50.0; 0.6196517029679035; 1.4504684395104965; 0.6029149256695099; 0.6462704887384717
7.0; 50.0; 0.6498306543172174; 1.6346749281037964; 0.8328318797785089; 0.8796459430051421
3.0; 75.0; 0.3175869433439083; 1.3985452804686542; 0.13234661912551615; 0.16156762218461793
4.0; 75.0; 0.3945399437664207; 1.639796899822312; 0.2531555458522143; 0.28723132832820963
5.0; 75.0; 0.4679434265205775; 1.8778142099530593; 0.41057657851914287; 0.4487989505128276
6.0; 75.0; 0.5047125879175715; 2.1014282976908705; 0.604750642031014; 0.6462704887384717
7.0; 75.0; 0.5677659017116471; 2.3465479691232667; 0.8342798024468662; 0.8796459430051421
3.0; 100.0; 0.27012450188134085; 1.9879559003860452; 0.13280271401514207; 0.16156762218461793
4.0; 100.0; 0.32446959811111126; 2.3521653446993263; 0.25323473547872966; 0.28723132832820963
5.0; 100.0; 0.4006605411820649; 2.6701454102863407; 0.4106741308710762; 0.4487989505128276
6.0; 100.0; 0.44768066729963973; 2.9155932309545554; 0.6049366448787095; 0.6462704887384717
7.0; 100.0; 0.4798760885582604; 3.3043930751001493; 0.8352073659741525; 0.8796459430051421
3.0; 125.0; 0.23474095624877483; 2.6658412243278256; 0.1331283423862623; 0.16156762218461793
4.0; 125.0; 0.28087250925046575; 3.2545716777407985; 0.2528658428628872; 0.28723132832820963
5.0; 125.0; 0.3375877140729924; 3.575568619500863; 0.4100664602732433; 0.4487989505128276
6.0; 125.0; 0.39320419352415636; 4.135454783985364; 0.6038194016797847; 0.6462704887384717
7.0; 125.0; 0.4246243079105169; 4.475124332960856; 0.8351931895107972; 0.8796459430051421
3.0; 150.0; 0.20242604397465708; 3.32910338972115; 0.1334685874655614; 0.16156762218461793
4.0; 150.0; 0.24697496282748063; 4.4188632742409; 0.2521444349355001; 0.28723132832820963
5.0; 150.0; 0.294979856802127; 5.0292100046036; 0.40945252565925083; 0.4487989505128276
6.0; 150.0; 0.3550181935304274; 5.520153353673435; 0.6028210675614927; 0.6462704887384717
7.0; 150.0; 0.3720998510024414; 6.053898972633514; 0.833733019916425; 0.8796459430051421
3.0; 175.0; 0.18498329920658355; 4.220825297191922; 0.13355064444286274; 0.16156762218461793
4.0; 175.0; 0.21233684138760717; 5.835816433223117; 0.25085690954880063; 0.28723132832820963
5.0; 175.0; 0.27090567162532486; 6.470079697456476; 0.4089879700053623; 0.4487989505128276
6.0; 175.0; 0.29995111548601605; 7.309728003477904; 0.6019541807746956; 0.6462704887384717
7.0; 175.0; 0.3358241204273673; 7.679976263537833; 0.831691871544733; 0.8796459430051421
3.0; 0.0; 1.1976843852746917; 1.1698198690117003; 0.1600580149250689; 0.16156762218461793 
4.0; 0.0; 1.1192887734748018; 1.153892325383136; 0.2848632626521508; 0.28723132832820963 
5.0; 0.0; 1.1484613170775297; 1.150637221633747; 0.4448981241875608; 0.4487989505128276 
6.0; 0.0; 1.141514416639206; 1.1270517210020483; 0.6408041822348463; 0.6462704887384717 
7.0; 0.0; 1.1587217621979355; 1.1372144637189725; 0.8719489999126141; 0.8796459430051421 
3.0; 25.0; 0.5692767325834901; 0.6937773972715611; 0.13223537159743112; 0.16156762218461793 
4.0; 25.0; 0.6713094490340866; 0.8491178648757991; 0.2513355712469349; 0.28723132832820963 
5.0; 25.0; 0.7251585773347043; 0.9471477940033859; 0.40668421729800835; 0.4487989505128276 
6.0; 25.0; 0.7523915801012461; 1.0491895796319435; 0.5987425603682005; 0.6462704887384717 
7.0; 25.0; 0.8043508398824343; 1.1688839626042709; 0.8268834159928199; 0.8796459430051421 
3.0; 50.0; 0.4060418748689542; 0.9532884316437279; 0.13198876321850558; 0.16156762218461793 
4.0; 50.0; 0.49779942729894805; 1.0861624705248112; 0.25240111027601103; 0.28723132832820963 
5.0; 50.0; 0.5605502940042466; 1.3040526230834955; 0.4096211698081852; 0.4487989505128276 
6.0; 50.0; 0.6066448275647852; 1.4460807242102403; 0.6028144956413753; 0.6462704887384717 
7.0; 50.0; 0.6415005357993001; 1.6280455258377082; 0.8328371404601584; 0.8796459430051421 
3.0; 75.0; 0.31080918593383877; 1.3935344582115046; 0.13235652078535617; 0.16156762218461793 
4.0; 75.0; 0.39685808394080835; 1.659019793362051; 0.2531911372043856; 0.28723132832820963 
5.0; 75.0; 0.45316518526732263; 1.8626158787266744; 0.4103520002187552; 0.4487989505128276 
6.0; 75.0; 0.5072166321412893; 2.0579942996279184; 0.6046807715745088; 0.6462704887384717 
7.0; 75.0; 0.5687677260260285; 2.281438842892709; 0.8350361904717694; 0.8796459430051421 
3.0; 100.0; 0.2663769173844606; 1.9803858095639988; 0.13277405608030687; 0.16156762218461793 
4.0; 100.0; 0.31832189364538227; 2.298597351557105; 0.25301821753585146; 0.28723132832820963 
5.0; 100.0; 0.3805061924604241; 2.6397828497739755; 0.41069221247807014; 0.4487989505128276 
6.0; 100.0; 0.44070473654632836; 2.9504457924009544; 0.6050174578019039; 0.6462704887384717 
7.0; 100.0; 0.47712890908151767; 3.2440837621468193; 0.835377566570354; 0.8796459430051421 
3.0; 125.0; 0.23134409722883545; 2.6052130573100776; 0.13317190170627882; 0.16156762218461793 
4.0; 125.0; 0.28331859201188075; 3.2890128811750086; 0.2528019997653636; 0.28723132832820963 
5.0; 125.0; 0.3320522933390704; 3.6546122220155444; 0.40990938521081116; 0.4487989505128276 
6.0; 125.0; 0.38806959076972236; 4.02279989647519; 0.6040880519845039; 0.6462704887384717 
7.0; 125.0; 0.42516734223139846; 4.493897040842795; 0.834499686998176; 0.8796459430051421 
3.0; 150.0; 0.20865074810101567; 3.3301311492430266; 0.1334077755462558; 0.16156762218461793 
4.0; 150.0; 0.24307414325489132; 4.425985973014441; 0.25199719007975524; 0.28723132832820963 
5.0; 150.0; 0.3096478221829774; 4.96734563035639; 0.409991368677268; 0.4487989505128276 
6.0; 150.0; 0.34116775385826914; 5.507375861812157; 0.6031553520720269; 0.6462704887384717 
7.0; 150.0; 0.36814166879115245; 6.035500727136011; 0.8337203997076283; 0.8796459430051421 
3.0; 175.0; 0.194156445214381; 4.138337658235175; 0.1335969358340859; 0.16156762218461793 
4.0; 175.0; 0.21939325240780766; 5.819520291473514; 0.2511650919778339; 0.28723132832820963 
5.0; 175.0; 0.269504073504895; 6.556813149309377; 0.4087859280516687; 0.4487989505128276 
6.0; 175.0; 0.30482378264961546; 7.268795177656584; 0.6017547348701694; 0.6462704887384717 
7.0; 175.0; 0.3510705474115506; 7.958775361782752; 0.8324236131571703; 0.8796459430051421 
3.0; 0.0; 1.1574196993676233; 1.1564277054031167; 0.16021692474361596; 0.16156762218461793 
4.0; 0.0; 1.1865408141163383; 1.1639465265094768; 0.28496290624930076; 0.28723132832820963 
5.0; 0.0; 1.1860471696407273; 1.1535651827383042; 0.44489480399494596; 0.4487989505128276 
6.0; 0.0; 1.15373174550361; 1.146399366283577; 0.641272156445407; 0.6462704887384717 
7.0; 0.0; 1.114031480578305; 1.1379235149890172; 0.8713315920109289; 0.8796459430051421 
3.0; 25.0; 0.574752882047729; 0.6778992407945306; 0.13232613882666322; 0.16156762218461793 
4.0; 25.0; 0.6559644116694722; 0.8432658118553293; 0.25121735633363873; 0.28723132832820963 
5.0; 25.0; 0.7314359442266649; 0.9755135431352775; 0.4069874812290512; 0.4487989505128276 
6.0; 25.0; 0.7541337215967033; 1.0496568852077919; 0.5986918108120387; 0.6462704887384717 
7.0; 25.0; 0.8000146557677102; 1.1863412818724832; 0.8274281832154835; 0.8796459430051421 
3.0; 50.0; 0.3889235258552843; 0.9578509048364887; 0.1319853316787811; 0.16156762218461793 
4.0; 50.0; 0.47830657077733657; 1.121843763077789; 0.25241343643399944; 0.28723132832820963 
5.0; 50.0; 0.5424536195699142; 1.294653113091664; 0.4094854889179034; 0.4487989505128276 
6.0; 50.0; 0.6255691245665967; 1.4588821499632463; 0.6029404310727303; 0.6462704887384717 
7.0; 50.0; 0.6541210418087504; 1.6157270961589323; 0.8326069188775983; 0.8796459430051421 
3.0; 75.0; 0.32200317195996964; 1.4284605146905205; 0.13224697981461336; 0.16156762218461793 
4.0; 75.0; 0.3855722790152837; 1.6156807245265443; 0.25322785817525567; 0.28723132832820963 
5.0; 75.0; 0.44707272245533136; 1.8595291930564242; 0.41062290562724124; 0.4487989505128276 
6.0; 75.0; 0.5421219017686612; 2.086306921410735; 0.6044798417791062; 0.6462704887384717 
7.0; 75.0; 0.5457896816073763; 2.2972322955413054; 0.8354300589237591; 0.8796459430051421 
3.0; 100.0; 0.26524689790884726; 2.028193704776953; 0.13265505435392902; 0.16156762218461793 
4.0; 100.0; 0.33242504521453065; 2.3909076429057374; 0.25292413455117346; 0.28723132832820963 
5.0; 100.0; 0.39458552401416375; 2.6783174248067723; 0.410403246786474; 0.4487989505128276 
6.0; 100.0; 0.4329966658857115; 2.9158094846985487; 0.6045847807776205; 0.6462704887384717 
7.0; 100.0; 0.46849924358071493; 3.2837182804412013; 0.8347522519903404; 0.8796459430051421 
3.0; 125.0; 0.22770545148845714; 2.629025909342559; 0.13304271420849964; 0.16156762218461793 
4.0; 125.0; 0.27723671028264013; 3.2595064947624377; 0.2528870153344088; 0.28723132832820963 
5.0; 125.0; 0.34402884315659416; 3.665968880658838; 0.41025732171398577; 0.4487989505128276 
6.0; 125.0; 0.37852345768632967; 4.099206614667759; 0.6040868406352007; 0.6462704887384717 
7.0; 125.0; 0.41871827216399454; 4.472015763210096; 0.8345999638055324; 0.8796459430051421 
3.0; 150.0; 0.21300693311149693; 3.3353649158070797; 0.13336499062541324; 0.16156762218461793 
4.0; 150.0; 0.24547433692830709; 4.449324767699255; 0.2520298352769842; 0.28723132832820963 
5.0; 150.0; 0.30824125325230173; 4.93069712032277; 0.40954667616610263; 0.4487989505128276 
6.0; 150.0; 0.33739952844059135; 5.543328483392652; 0.6035779975202216; 0.6462704887384717 
7.0; 150.0; 0.3638076153749191; 6.00803118249428; 0.8335352517210277; 0.8796459430051421 
3.0; 175.0; 0.19240801630343887; 4.207975748458012; 0.13375408184124266; 0.16156762218461793 
4.0; 175.0; 0.2146800279067468; 5.894799452771465; 0.25098023609875314; 0.28723132832820963 
5.0; 175.0; 0.2684035604421904; 6.490093232989924; 0.408428584464072; 0.4487989505128276 
6.0; 175.0; 0.30812831460260726; 6.98796187621718; 0.6019769439438367; 0.6462704887384717 
7.0; 175.0; 0.33812760700591865; 8.03245967345755; 0.8325501213227173; 0.8796459430051421 
